1.0000E-11 0.0000E+00
1.0715E-11 0.0000E+00
1.1482E-11 0.0000E+00
1.2303E-11 0.0000E+00
1.3183E-11 0.0000E+00
1.4125E-11 0.0000E+00
1.5136E-11 0.0000E+00
1.6218E-11 0.0000E+00
1.7378E-11 0.0000E+00
1.8621E-11 0.0000E+00
1.9953E-11 0.0000E+00
2.1380E-11 0.0000E+00
2.2909E-11 0.0000E+00
2.4547E-11 0.0000E+00
2.6303E-11 0.0000E+00
2.8184E-11 0.0000E+00
3.0200E-11 0.0000E+00
3.2359E-11 0.0000E+00
3.4674E-11 0.0000E+00
3.7154E-11 0.0000E+00
3.9811E-11 0.0000E+00
4.2658E-11 0.0000E+00
4.5709E-11 0.0000E+00
4.8978E-11 0.0000E+00
5.2481E-11 0.0000E+00
5.6234E-11 0.0000E+00
6.0256E-11 0.0000E+00
6.4565E-11 0.0000E+00
6.9183E-11 0.0000E+00
7.4131E-11 0.0000E+00
7.9433E-11 0.0000E+00
8.5114E-11 3.2197E+02
9.1201E-11 9.7906E+02
9.7724E-11 1.0592E+03
1.0471E-10 1.0796E+03
1.1220E-10 2.0264E+03
1.2023E-10 2.0557E+03
1.2882E-10 1.9811E+03
1.3804E-10 3.0251E+03
1.4791E-10 3.1949E+03
1.5849E-10 3.5046E+03
1.6982E-10 4.4501E+03
1.8197E-10 6.2438E+03
1.9498E-10 5.9918E+03
2.0893E-10 6.6413E+03
2.2387E-10 9.4983E+03
2.3988E-10 1.0096E+04
2.5704E-10 9.8687E+03
2.7542E-10 1.0880E+04
2.9512E-10 1.2053E+04
3.1623E-10 1.2578E+04
3.3884E-10 1.4475E+04
3.6308E-10 2.0194E+04
3.8905E-10 1.9064E+04
4.1687E-10 1.8402E+04
4.4668E-10 3.6980E+04
4.7863E-10 3.5716E+04
5.1286E-10 3.2791E+04
5.4954E-10 3.8357E+04
5.8884E-10 4.2347E+04
6.3096E-10 3.9090E+04
6.7608E-10 5.2507E+04
7.2444E-10 6.8467E+04
7.7625E-10 6.7929E+04
8.3176E-10 6.9032E+04
8.9125E-10 1.0307E+05
9.5499E-10 9.7632E+04
1.0233E-09 1.0433E+05
1.0965E-09 1.1476E+05
1.1749E-09 1.2048E+05
1.2589E-09 1.2678E+05
1.3490E-09 1.3696E+05
1.4454E-09 1.5790E+05
1.5488E-09 1.4775E+05
1.6596E-09 1.6234E+05
1.7783E-09 2.4170E+05
1.9055E-09 2.0774E+05
2.0417E-09 2.2242E+05
2.1878E-09 2.8618E+05
2.3442E-09 3.2753E+05
2.5119E-09 3.2419E+05
2.6915E-09 3.4592E+05
2.8840E-09 4.3356E+05
3.0903E-09 4.5641E+05
3.3113E-09 4.2408E+05
3.5481E-09 5.5031E+05
3.8019E-09 5.9546E+05
4.0738E-09 5.5204E+05
4.3652E-09 6.7378E+05
4.6774E-09 6.8156E+05
5.0119E-09 7.5380E+05
5.3703E-09 7.7624E+05
5.7544E-09 9.4103E+05
6.1660E-09 9.2409E+05
6.6069E-09 8.8582E+05
7.0795E-09 1.0175E+06
7.5858E-09 9.5503E+05
8.1283E-09 9.3822E+05
8.7096E-09 1.0838E+06
9.3325E-09 1.2017E+06
1.0000E-08 1.2044E+06
1.0715E-08 1.2520E+06
1.1482E-08 1.2089E+06
1.2303E-08 1.2358E+06
1.3183E-08 1.2475E+06
1.4125E-08 1.0977E+06
1.5136E-08 1.0433E+06
1.6218E-08 1.0574E+06
1.7378E-08 9.9080E+05
1.8621E-08 8.2085E+05
1.9953E-08 9.0490E+05
2.1380E-08 7.9696E+05
2.2909E-08 6.8304E+05
2.4547E-08 6.8550E+05
2.6303E-08 7.6817E+05
2.8184E-08 6.2066E+05
3.0200E-08 6.8410E+05
3.2359E-08 6.2245E+05
3.4674E-08 5.6013E+05
3.7154E-08 5.0839E+05
3.9811E-08 5.3728E+05
4.2658E-08 5.3002E+05
4.5709E-08 4.8806E+05
4.8978E-08 5.0708E+05
5.2481E-08 4.5911E+05
5.6234E-08 4.5061E+05
6.0256E-08 4.8014E+05
6.4565E-08 4.7165E+05
6.9183E-08 4.9994E+05
7.4131E-08 4.8610E+05
7.9433E-08 5.2573E+05
8.5114E-08 5.3153E+05
9.1201E-08 5.6734E+05
9.7724E-08 5.5168E+05
1.0471E-07 4.9410E+05
1.1220E-07 6.5862E+05
1.2023E-07 5.6565E+05
1.2882E-07 6.2659E+05
1.3804E-07 6.4504E+05
1.4791E-07 6.4986E+05
1.5849E-07 6.7254E+05
1.6982E-07 6.6943E+05
1.8197E-07 7.1472E+05
1.9498E-07 6.6804E+05
2.0893E-07 6.9474E+05
2.2387E-07 6.1746E+05
2.3988E-07 6.6568E+05
2.5704E-07 5.9903E+05
2.7542E-07 6.6094E+05
2.9512E-07 6.8106E+05
3.1623E-07 6.7594E+05
3.3884E-07 6.8446E+05
3.6308E-07 7.2959E+05
3.8905E-07 7.3734E+05
4.1687E-07 7.9130E+05
4.4668E-07 7.8382E+05
4.7863E-07 7.2600E+05
5.1286E-07 7.5344E+05
5.4954E-07 7.3432E+05
5.8884E-07 7.8181E+05
6.3096E-07 7.7658E+05
6.7608E-07 8.3298E+05
7.2444E-07 8.1190E+05
7.7625E-07 8.0965E+05
8.3176E-07 8.4267E+05
8.9125E-07 9.2593E+05
9.5499E-07 8.4925E+05
1.0233E-06 8.8454E+05
1.0965E-06 9.3836E+05
1.1749E-06 8.8066E+05
1.2589E-06 9.2849E+05
1.3490E-06 9.1756E+05
1.4454E-06 9.8528E+05
1.5488E-06 9.0549E+05
1.6596E-06 1.0133E+06
1.7783E-06 1.0373E+06
1.9055E-06 9.6160E+05
2.0417E-06 9.6562E+05
2.1878E-06 9.9595E+05
2.3442E-06 1.0456E+06
2.5119E-06 9.3081E+05
2.6915E-06 1.0382E+06
2.8840E-06 1.0131E+06
3.0903E-06 1.0040E+06
3.3113E-06 9.8918E+05
3.5481E-06 1.0694E+06
3.8019E-06 1.0639E+06
4.0738E-06 1.0635E+06
4.3652E-06 1.0342E+06
4.6774E-06 1.0126E+06
5.0119E-06 1.1547E+06
5.3703E-06 1.1317E+06
5.7544E-06 1.1091E+06
6.1660E-06 1.0751E+06
6.6069E-06 1.1227E+06
7.0795E-06 1.1055E+06
7.5858E-06 1.1423E+06
8.1283E-06 1.1883E+06
8.7096E-06 1.1527E+06
9.3325E-06 1.2014E+06
1.0000E-05 1.1244E+06
1.0715E-05 1.0996E+06
1.1482E-05 1.1985E+06
1.2303E-05 1.1282E+06
1.3183E-05 1.1956E+06
1.4125E-05 1.3108E+06
1.5136E-05 1.1565E+06
1.6218E-05 1.2297E+06
1.7378E-05 1.2341E+06
1.8621E-05 1.3243E+06
1.9953E-05 1.2837E+06
2.1380E-05 1.3873E+06
2.2909E-05 1.1921E+06
2.4547E-05 1.2569E+06
2.6303E-05 1.2670E+06
2.8184E-05 1.2271E+06
3.0200E-05 1.2507E+06
3.2359E-05 1.2444E+06
3.4674E-05 1.2962E+06
3.7154E-05 1.3452E+06
3.9811E-05 1.2740E+06
4.2658E-05 1.2897E+06
4.5709E-05 1.3052E+06
4.8978E-05 1.3935E+06
5.2481E-05 1.2532E+06
5.6234E-05 1.2297E+06
6.0256E-05 1.3755E+06
6.4565E-05 1.2550E+06
6.9183E-05 1.4599E+06
7.4131E-05 1.3309E+06
7.9433E-05 1.3575E+06
8.5114E-05 1.3999E+06
9.1201E-05 1.3067E+06
9.7724E-05 1.2622E+06
1.0471E-04 1.4272E+06
1.1220E-04 1.4779E+06
1.2023E-04 1.3363E+06
1.2882E-04 1.4033E+06
1.3804E-04 1.3285E+06
1.4791E-04 1.4540E+06
1.5849E-04 1.3305E+06
1.6982E-04 1.4097E+06
1.8197E-04 1.4760E+06
1.9498E-04 1.3938E+06
2.0893E-04 1.5871E+06
2.2387E-04 1.3493E+06
2.3988E-04 1.3088E+06
2.5704E-04 1.4071E+06
2.7542E-04 1.5342E+06
2.9512E-04 1.4817E+06
3.1623E-04 1.5118E+06
3.3884E-04 1.4464E+06
3.6308E-04 1.4153E+06
3.8905E-04 1.4277E+06
4.1687E-04 1.4856E+06
4.4668E-04 1.5314E+06
4.7863E-04 1.4773E+06
5.1286E-04 1.4493E+06
5.4954E-04 1.4100E+06
5.8884E-04 1.4221E+06
6.3096E-04 1.4929E+06
6.7608E-04 1.5589E+06
7.2444E-04 1.4158E+06
7.7625E-04 1.4553E+06
8.3176E-04 1.5776E+06
8.9125E-04 1.5790E+06
9.5499E-04 1.4649E+06
1.0233E-03 1.5386E+06
1.0965E-03 1.3505E+06
1.1749E-03 1.5665E+06
1.2589E-03 1.5365E+06
1.3490E-03 1.6052E+06
1.4454E-03 1.7092E+06
1.5488E-03 1.4887E+06
1.6596E-03 1.5559E+06
1.7783E-03 1.5191E+06
1.9055E-03 1.5329E+06
2.0417E-03 1.5149E+06
2.1878E-03 1.4757E+06
2.3442E-03 1.4874E+06
2.5119E-03 1.5536E+06
2.6915E-03 1.5146E+06
2.8840E-03 1.5969E+06
3.0903E-03 1.5245E+06
3.3113E-03 1.4965E+06
3.5481E-03 1.4850E+06
3.8019E-03 1.4030E+06
4.0738E-03 1.6243E+06
4.3652E-03 1.5178E+06
4.6774E-03 1.7667E+06
5.0119E-03 1.6550E+06
5.3703E-03 1.4774E+06
5.7544E-03 1.4344E+06
6.1660E-03 1.5047E+06
6.6069E-03 1.4438E+06
7.0795E-03 1.4898E+06
7.5858E-03 1.4339E+06
8.1283E-03 1.4179E+06
8.7096E-03 1.4731E+06
9.3325E-03 1.5322E+06
1.0000E-02 1.4544E+06
1.0715E-02 1.6247E+06
1.1482E-02 1.5296E+06
1.2303E-02 1.6169E+06
1.3183E-02 1.5383E+06
1.4125E-02 1.5669E+06
1.5136E-02 1.4943E+06
1.6218E-02 1.5907E+06
1.7378E-02 1.6126E+06
1.8621E-02 1.5554E+06
1.9953E-02 1.5234E+06
2.1380E-02 1.5889E+06
2.2909E-02 1.8494E+06
2.4547E-02 1.8892E+06
2.6303E-02 1.6524E+06
2.8184E-02 1.7719E+06
3.0200E-02 1.7600E+06
3.2359E-02 1.8119E+06
3.4674E-02 1.5015E+06
3.7154E-02 1.3637E+06
3.9811E-02 1.4585E+06
4.2658E-02 1.4572E+06
4.5709E-02 1.5508E+06
4.8978E-02 1.6296E+06
5.2481E-02 1.7625E+06
5.6234E-02 1.9727E+06
6.0256E-02 1.8995E+06
6.4565E-02 1.9744E+06
6.9183E-02 2.0902E+06
7.4131E-02 2.0398E+06
7.9433E-02 2.1195E+06
8.5114E-02 1.9649E+06
9.1201E-02 1.7504E+06
9.7724E-02 1.7642E+06
1.0471E-01 1.7798E+06
1.1220E-01 2.5240E+06
1.2023E-01 2.5053E+06
1.2882E-01 2.4314E+06
1.3804E-01 1.9928E+06
1.4791E-01 1.7956E+06
1.5849E-01 1.7620E+06
1.6982E-01 1.8202E+06
1.8197E-01 2.0419E+06
1.9498E-01 2.1306E+06
2.0893E-01 2.0733E+06
2.2387E-01 2.3692E+06
2.3988E-01 2.3110E+06
2.5704E-01 2.4584E+06
2.7542E-01 2.2082E+06
2.9512E-01 2.1068E+06
3.1623E-01 2.0728E+06
3.3884E-01 2.0783E+06
3.6308E-01 2.0532E+06
3.8905E-01 2.1008E+06
4.1687E-01 2.1908E+06
4.4668E-01 2.1278E+06
4.7863E-01 2.0328E+06
5.1286E-01 2.0949E+06
5.4954E-01 2.0578E+06
5.8884E-01 2.0835E+06
6.3096E-01 1.9070E+06
6.7608E-01 1.7964E+06
7.2444E-01 1.9077E+06
7.7625E-01 1.7613E+06
8.3176E-01 1.8465E+06
8.9125E-01 3.4158E+06
9.5499E-01 2.6744E+06
1.0233E+00 1.0625E+06
1.0965E+00 1.0308E+06
1.1749E+00 1.0385E+06
1.2589E+00 1.0536E+06
1.3490E+00 1.0537E+06
1.4454E+00 9.5252E+05
1.5488E+00 8.0811E+05
1.6596E+00 7.0169E+05
1.7783E+00 6.9826E+05
1.9055E+00 7.1417E+05
2.0417E+00 7.0433E+05
2.1878E+00 7.1467E+05
2.3442E+00 7.7127E+05
2.5119E+00 3.6369E+05
2.6915E+00 3.5433E+05
2.8840E+00 3.4282E+05
3.0903E+00 3.8902E+05
3.3113E+00 3.6072E+05
3.5481E+00 3.6217E+05
3.8019E+00 3.4047E+05
4.0738E+00 2.1205E+05
4.3652E+00 2.1498E+05
4.6774E+00 2.3507E+05
5.0119E+00 2.1310E+05
5.3703E+00 2.2414E+05
5.7544E+00 2.2268E+05
6.1660E+00 1.8276E+05
6.6069E+00 1.1858E+05
7.0795E+00 1.2485E+05
7.5858E+00 1.1842E+05
8.1283E+00 1.2570E+05
8.7096E+00 1.1341E+05
9.3325E+00 1.1416E+05
1.0000E+01 8.6188E+04
1.0715E+01 9.1332E+04
1.1482E+01 9.3854E+04
1.2303E+01 8.9234E+04
1.3183E+01 8.7174E+04
1.4125E+01 9.6232E+04
1.5136E+01 8.1017E+04
1.6218E+01 5.9162E+04
1.7378E+01 6.3442E+04
1.8621E+01 5.7588E+04
1.9953E+01 5.9043E+04
2.1380E+01 5.7839E+04
2.2909E+01 5.4292E+04
2.4547E+01 4.4870E+04
2.6303E+01 3.7644E+04
2.8184E+01 4.1545E+04
3.0200E+01 3.8594E+04
3.2359E+01 3.9789E+04
3.4674E+01 3.6336E+04
3.7154E+01 4.0454E+04
3.9811E+01 2.4755E+04
4.2658E+01 2.4966E+04
4.5709E+01 2.6398E+04
4.8978E+01 2.6994E+04
5.2481E+01 2.6170E+04
5.6234E+01 2.4920E+04
6.0256E+01 2.3227E+04
6.4565E+01 1.5281E+04
6.9183E+01 1.5284E+04
7.4131E+01 1.3441E+04
7.9433E+01 1.4163E+04
8.5114E+01 1.5380E+04
9.1201E+01 1.4340E+04
9.7724E+01 8.0275E+03
1.0471E+02 5.7928E+03
1.1220E+02 5.7433E+03
1.2023E+02 5.0675E+03
1.2882E+02 5.6013E+03
1.3804E+02 5.0444E+03
1.4791E+02 4.9936E+03
1.5849E+02 1.2491E+03
1.6982E+02 1.2238E+03
1.8197E+02 1.1918E+03
1.9498E+02 1.1782E+03
2.0893E+02 1.2557E+03
2.2387E+02 1.2562E+03
2.3988E+02 8.4548E+02
2.5704E+02 2.4115E+02
2.7542E+02 2.2306E+02
2.9512E+02 2.2555E+02
3.1623E+02 2.2017E+02
3.3884E+02 2.4918E+02
3.6308E+02 2.3890E+02
3.8905E+02 8.6741E+01
4.1687E+02 0.0000E+00
4.4668E+02 0.0000E+00
4.7863E+02 0.0000E+00
5.1286E+02 0.0000E+00
5.4954E+02 0.0000E+00
5.8884E+02 0.0000E+00
6.3096E+02 0.0000E+00
6.7608E+02 0.0000E+00
7.2444E+02 0.0000E+00
7.7625E+02 0.0000E+00
8.3176E+02 0.0000E+00
8.9125E+02 0.0000E+00
9.5499E+02 0.0000E+00
1.0233E+03 0.0000E+00
1.0965E+03 0.0000E+00
1.1749E+03 0.0000E+00
1.2589E+03 0.0000E+00
1.3490E+03 0.0000E+00
1.4454E+03 0.0000E+00
1.5488E+03 0.0000E+00
1.6596E+03 0.0000E+00
1.7783E+03 0.0000E+00
1.9055E+03 0.0000E+00
2.0417E+03 0.0000E+00
2.1878E+03 0.0000E+00
2.3442E+03 0.0000E+00
2.5119E+03 0.0000E+00
2.6915E+03 0.0000E+00
2.8840E+03 0.0000E+00
3.0903E+03 0.0000E+00
3.3113E+03 0.0000E+00
3.5481E+03 0.0000E+00
3.8019E+03 0.0000E+00
4.0738E+03 0.0000E+00
4.3652E+03 0.0000E+00
4.6774E+03 0.0000E+00
5.0119E+03 0.0000E+00
5.3703E+03 0.0000E+00
5.7544E+03 0.0000E+00
6.1660E+03 0.0000E+00
6.6069E+03 0.0000E+00
7.0795E+03 0.0000E+00
7.5858E+03 0.0000E+00
8.1283E+03 0.0000E+00
8.7096E+03 0.0000E+00
9.3325E+03 0.0000E+00
1.0000E+04 0.0000E+00
