8.9124E-11  5.6066E+07
1.1220E-10  1.0897E+08
1.4125E-10  1.8043E+08
1.7783E-10  3.5014E+08
2.2387E-10  5.4394E+08
2.8184E-10  6.3093E+08
3.5481E-10  1.0153E+09
4.4668E-10  1.9338E+09
5.6234E-10  2.2338E+09
7.0795E-10  3.7805E+09
8.9124E-10  5.5025E+09
1.1220E-09  6.7852E+09
1.4125E-09  8.7292E+09
1.7783E-09  1.2441E+10
2.2387E-09  1.8228E+10
2.8184E-09  2.4234E+10
3.5481E-09  3.1005E+10
4.4668E-09  3.9177E+10
5.6234E-09  4.8173E+10
7.0795E-09  5.2900E+10
8.9124E-09  6.4458E+10
1.1220E-08  6.5702E+10
1.4125E-08  5.8656E+10
1.7783E-08  4.6826E+10
2.2387E-08  3.8836E+10
2.8184E-08  3.5297E+10
3.5481E-08  2.8825E+10
4.4668E-08  2.5892E+10
5.6234E-08  2.5369E+10
7.0795E-08  2.7250E+10
8.9124E-08  2.8397E+10
1.1220E-07  3.3253E+10
1.4125E-07  3.5141E+10
1.7783E-07  3.7503E+10
2.2387E-07  3.4749E+10
2.8184E-07  3.5723E+10
3.5481E-07  4.0064E+10
4.4668E-07  4.0036E+10
5.6234E-07  4.2302E+10
7.0795E-07  4.5274E+10
8.9124E-07  4.8857E+10
1.1220E-06  5.0119E+10
1.4125E-06  5.2573E+10
1.7783E-06  5.2872E+10
2.2387E-06  5.3413E+10
2.8184E-06  5.5007E+10
3.5481E-06  5.6236E+10
4.4668E-06  5.6888E+10
5.6234E-06  6.0132E+10
7.0795E-06  6.1762E+10
8.9124E-06  6.2649E+10
1.1220E-05  6.3770E+10
1.4125E-05  6.5163E+10
1.7783E-05  6.8983E+10
2.2387E-05  6.6927E+10
2.8184E-05  6.9043E+10
3.5481E-05  6.9536E+10
4.4668E-05  7.0422E+10
5.6234E-05  7.2480E+10
7.0795E-05  7.4569E+10
8.9124E-05  7.4686E+10
1.1220E-04  7.4557E+10
1.4125E-04  7.5568E+10
1.7783E-04  7.8541E+10
2.2387E-04  7.6931E+10
2.8184E-04  7.7498E+10
3.5481E-04  7.7926E+10
4.4668E-04  7.9867E+10
5.6234E-04  8.0254E+10
7.0795E-04  8.1131E+10
8.9124E-04  8.1495E+10
1.1220E-03  8.1907E+10
1.4125E-03  8.2271E+10
1.7783E-03  8.1557E+10
2.2387E-03  8.3601E+10
2.8184E-03  8.3502E+10
3.5481E-03  8.2340E+10
4.4668E-03  8.5466E+10
5.6234E-03  7.9259E+10
7.0795E-03  8.0251E+10
8.9124E-03  8.2188E+10
1.1220E-02  8.4562E+10
1.4125E-02  8.3549E+10
1.7783E-02  8.5245E+10
2.2387E-02  9.4847E+10
2.8184E-02  1.0015E+11
3.5481E-02  7.6372E+10
4.4668E-02  9.3067E+10
5.6234E-02  1.0771E+11
7.0795E-02  1.1107E+11
8.9124E-02  9.5047E+10
1.1220E-01  1.3186E+11
1.4125E-01  9.2957E+10
1.7783E-01  1.1293E+11
2.2387E-01  1.2612E+11
2.8184E-01  1.1803E+11
3.5481E-01  1.1426E+11
4.4668E-01  1.1452E+11
5.6234E-01  1.1113E+11
7.0795E-01  9.8434E+10
8.9124E-01  9.0797E+10
1.0000E+00  1.1715E+11
1.5849E+00  7.8270E+10
2.5119E+00  4.1668E+10
3.9811E+00  2.2999E+10
6.3096E+00  1.3056E+10
1.0000E+01  9.0653E+09
1.5849E+01  6.1945E+09
2.5119E+01  4.2903E+09
3.9811E+01  2.7988E+09
6.3096E+01  1.5747E+09
1.0000E+02  5.8352E+08
1.5849E+02  1.2802E+08
2.5119E+02  2.5241E+07
3.9811E+02  0.0000E+00
6.3096E+02  0.0000E+00
1.0000E+03  0.0000E+00